2.781137913608780141e-03 2.024323600146520352e-01 1.667370746542968796e-01
4.712225826965136567e-03 6.997410752821009439e-02 3.761728825927757036e-02
6.702469549837369173e-03 7.577277560727901928e-03 -3.854629607838833127e-02
8.698940253219543048e-03 6.033779970292751926e-03 -7.373140208283068819e-02
1.073468740938640295e-02 -1.989028736345754833e-02 -1.249406010562215119e-02
1.264964673826669134e-02 -9.199994348596751692e-03 -1.202290685737794629e-02
1.461474027302933978e-02 1.759025004135050807e-03 -1.176470359721448755e-02
1.659565757737930733e-02 -3.218594212796233034e-02 2.111338428729880867e-02
1.858393741048283698e-02 -9.179197830714191930e-03 -4.937177129062164660e-03
2.058647261405228621e-02 -4.564584119932546535e-03 -1.344463725715294711e-02
2.251658206675744706e-02 1.120724450036325592e-02 3.233388725521790796e-02
2.446206621825695177e-02 -1.103398868438631997e-02 1.287620104190034809e-02
2.646999770424321788e-02 -1.407092703832479863e-02 1.248507996256331687e-02
2.842767165725723286e-02 -4.746052320179217077e-03 4.080276922699743736e-03
3.037746918370138813e-02 8.785478654122824693e-03 -4.670944238154506323e-03
3.233634590138036169e-02 -7.040079460868375882e-03 3.775261409943930779e-02
3.430085781381853050e-02 -3.015958026494902633e-03 1.542700402578933705e-02
3.627991313540857715e-02 1.329286912913452134e-02 1.331943812817093509e-02
3.824905352881385195e-02 1.296022091351156647e-03 1.307783087860503457e-04
4.022225031461783978e-02 1.294397147638370882e-02 -4.519617788953933513e-03
4.218828067219750760e-02 8.297132480321822712e-03 -1.688806019744848452e-02
4.414693009602523727e-02 -1.188830031875853788e-02 -4.282272220634042448e-03
4.611176074292786670e-02 8.418220564931244709e-03 -8.517719768676101921e-03
4.805828493538349261e-02 -4.361349735026998076e-05 -3.562251500516588898e-03
5.002054981663733857e-02 1.078904199869934466e-02 3.575778830380738071e-03
5.200249952722258567e-02 -3.510749130076540325e-03 -1.023899109588821688e-02
5.397724560453284748e-02 -3.588242212089420846e-03 7.123759703838050683e-03
5.593016463186199771e-02 -6.171844717395513769e-03 1.092457881900465999e-02
5.788605477306454222e-02 4.254280415801448001e-03 -1.510248438507222346e-02
5.983771392814835055e-02 9.476164886971227830e-03 -2.779989459988474465e-03
6.180906004404405213e-02 3.063389382396586313e-03 5.459274619490361857e-04
6.378362909731505326e-02 -4.283637389825178943e-03 -1.231331637662880230e-02
6.575186461487403378e-02 6.468447321305026421e-03 -9.606854460602942680e-03
6.771701076920604023e-02 4.821449432195645812e-03 -3.113392199066922217e-03
6.967948303886550843e-02 2.347069326708250969e-03 5.988055892398147506e-03
7.164760215636338525e-02 -6.412399555071113255e-03 8.096572755122322107e-03
7.360354457146081608e-02 -9.180019495849123246e-04 4.434782397478187477e-03
7.556606949014893493e-02 7.601896172172883936e-03 -7.842615468217628560e-03
7.753025867968174611e-02 4.375686595808669921e-03 -3.607387243033333135e-03
7.948413512304595974e-02 7.817911443539937721e-03 -3.904223434846643137e-03
8.145018682469161442e-02 6.636316964823363307e-03 -5.711985499190608273e-03
8.341703063812094809e-02 2.045998459101028288e-03 4.540757362439196143e-03
8.539087294953059959e-02 2.991176387213467791e-03 -1.112853616769271525e-03
8.736313851755081461e-02 -6.515076714694978399e-03 5.005864486888000897e-03
8.932873114179049057e-02 -3.956231993615832998e-03 -5.492919196947831928e-03
9.128224065968949807e-02 -9.320875345602774864e-03 1.314483370882246760e-03
9.323387751717668315e-02 -7.069308376392968718e-03 -1.586624243367240616e-02
9.520275126790606057e-02 -4.262443002444382678e-03 1.055910234222823263e-02
9.716794159960372157e-02 -1.379663689417220951e-03 -7.010202052416536489e-04
9.913404583548481031e-02 -5.953055675254170787e-03 -1.566945795660279472e-02
1.011030457679536060e-01 -3.284017591449361895e-03 -1.226730076391158164e-02
1.030697878017685920e-01 -5.169230591896223359e-03 -1.210456975812934655e-02
1.050392990874142313e-01 -3.514822015658891630e-04 -2.729343508965365039e-03
1.069917076581467785e-01 8.748269306226852393e-03 -3.446434214272153795e-03
1.089528406965680762e-01 -1.063250960579131821e-03 -8.466689759454526509e-03
1.109191171791678865e-01 1.455535010824071662e-03 -3.297645218454214877e-03
1.128724085204882988e-01 -1.206481165434480918e-02 -9.200738428404298119e-04
1.148364759646175459e-01 -2.837371851560077651e-03 -1.037727656994125169e-02
1.168014978305059876e-01 -1.164282095828106378e-02 -8.091962100848060224e-03
1.187704426520647671e-01 -4.457421511590786700e-03 -4.644556833376722871e-03
1.207356247982457192e-01 -8.643443876129697223e-03 -5.245357964560382058e-03
1.226955107269574324e-01 8.651066378927430023e-03 2.856897589508688995e-03
1.246678270421346518e-01 -1.698053314330261188e-03 -5.073648308961509201e-03
1.266274100420667903e-01 -1.411674989191369356e-03 5.482743835167669388e-03
1.285922694748967143e-01 6.486825497855175371e-03 8.509770444452335880e-03
1.305577977952990243e-01 -3.792641611045755035e-03 -6.065328123668112248e-03
1.325126246988935219e-01 3.071979719448725277e-03 7.227037383687351380e-03
1.344836414152894843e-01 4.774896900713976322e-03 -5.263375792638136375e-03
1.364504747803264306e-01 5.616290943053492413e-03 5.847399062583136242e-03
1.384072517315380613e-01 6.926900318748208107e-03 3.060442584299050139e-03
1.403644798401687543e-01 3.244395582159720348e-03 8.200243126907924562e-03
1.423281901782929293e-01 -7.949959097077741177e-03 -1.716610159614995190e-03
1.443042206272282801e-01 4.331572033537955946e-03 -2.796986714421079157e-03
1.462735316050596812e-01 -9.558996359663174402e-04 1.949187720605705110e-03
1.482371392048953129e-01 1.775014171554900599e-03 5.788297951566212518e-03
1.502036709602487530e-01 3.389564374780773548e-03 5.299372439140581648e-03
1.521620048784328161e-01 4.143417125147763613e-03 2.640394835315973410e-03
1.541174715317082944e-01 -7.366714562662801669e-03 -2.896186910333997666e-03
1.560793104107305596e-01 -1.202761778185124086e-03 1.148524932754257932e-02
1.580383053960893736e-01 -3.665915818389486880e-03 -6.554710884941639115e-03
1.599995496731184130e-01 -1.784096370636700790e-03 5.891319305229014702e-04
1.619726943423782650e-01 6.364858383536287079e-04 -1.062415963598384305e-02
1.639408504229199759e-01 -4.042789609288388597e-03 5.048302819399497210e-03
1.659002395352267012e-01 -6.367090595588487112e-03 -3.848691418413485721e-03
1.678628305976108126e-01 -2.197041557713164117e-03 -5.281573478702061841e-03
1.698329788080594205e-01 -4.842547358140381064e-04 -5.300505657714893459e-04
1.717973030161555059e-01 -6.515462641691227574e-03 4.636544239374096321e-03
1.737488332827383519e-01 -1.069182450390782080e-03 -3.984611716336239340e-03
1.757147313695507918e-01 6.386362065256001586e-03 -5.054634976987215644e-03
1.776880917497399015e-01 4.949226899875647234e-03 -5.893211526108554921e-03
1.796511105949156195e-01 -7.812946669334297489e-03 -1.213521541862383479e-03
1.816157533256488876e-01 -6.343602114280533222e-03 1.019742424141378834e-03
1.835788628592634475e-01 -5.276490408954392919e-03 5.427037825496139334e-04
1.855370387909199836e-01 -1.277330741656923507e-04 -5.297633740187435158e-03
1.874991287506593274e-01 1.653869430269905294e-03 1.350804572968877793e-03
1.894600340279730399e-01 5.783909777994367118e-04 2.835137259831199685e-03
1.914229486713448225e-01 -1.751278027441349749e-03 1.333633824828650560e-03
1.933918071025043928e-01 1.010643694006962967e-02 4.397427200438119854e-03
1.953545188874374061e-01 1.787488675552006967e-03 -4.235743540381142758e-03
1.973142480380710162e-01 -7.433210490556563244e-03 -4.261105346867410937e-03
1.992831163800710681e-01 2.825208984653659883e-03 2.147240064129807280e-04
2.012477780155531026e-01 -1.034545357843530411e-03 2.666851543530635027e-03
2.032101890140826927e-01 5.506454275608696491e-03 -2.871519910690123467e-03
2.051746882826136487e-01 -7.956861312344853943e-04 1.482252683697282691e-03
2.071371545120956614e-01 -3.084444233879546360e-04 3.382910399019056769e-04
2.091000285720426566e-01 1.468284180710099918e-03 -4.234749264719894768e-04
2.110648630681313531e-01 5.222760901436362957e-03 -3.205743794656545909e-03
2.130268173393226883e-01 4.990722931053515055e-03 2.053873531142613729e-04
2.149878886118512522e-01 2.415133009730840996e-03 2.210571150601525758e-03
2.169506244590732047e-01 3.307443149489275314e-03 9.774477330146691401e-04
2.189138474077772512e-01 -8.040152059627381220e-04 1.136319848191513771e-03
2.208789116528609986e-01 1.512030625546056939e-03 1.003529050715323834e-03
2.228443509435869274e-01 3.641705309672671476e-03 -1.051023560235009313e-03
2.248105776908520814e-01 -9.042564862327129305e-04 9.711618246976971847e-04
2.267766670778851856e-01 -1.621417772669664359e-03 -3.997705435228260384e-03
2.287391538395113222e-01 -3.186437557166854617e-03 3.273685185468666603e-03
2.307033819583258483e-01 -3.268136146384992280e-03 -2.081420062969963070e-03
2.326645646216917163e-01 -5.525952165367886693e-03 -7.455310306536677700e-04
2.346209790237355208e-01 -2.836739763915963053e-03 -2.144753619574446546e-03
2.365865582171150505e-01 -3.440306371355728032e-03 5.487358687046750561e-03
2.385516296870882069e-01 4.413693899827375589e-04 -3.453056465348436355e-03
2.405148876571582828e-01 -2.557739678427428665e-03 3.087573763689954731e-03
2.424814897014173354e-01 -4.203975914104152167e-03 -5.939536134202727524e-03
2.444477930068503779e-01 -5.562552315447888418e-03 -5.191928215182994855e-03
2.464169688384186818e-01 -1.104694033481790072e-03 2.205635007510808876e-03
2.483730368270750111e-01 -1.218694773747142079e-03 -7.268882401301191010e-05
2.503282302676876903e-01 -1.570384303774985391e-03 -4.584343348911557037e-03
2.522930203774304547e-01 -3.811626849006821693e-03 7.190987944682980526e-04
2.542575735920960533e-01 4.602704903721610563e-03 -1.889997253766595442e-03
2.562237894633206947e-01 -2.173626618164115065e-03 -1.411248176281576505e-03
2.581864982672592568e-01 3.171117097501063853e-03 -1.883283143367608936e-03
2.601533599967945087e-01 7.056583009378059046e-03 2.189898117900268559e-03
2.621238323983908769e-01 4.613318296817547903e-03 1.763024657047029820e-03
2.640830692486743070e-01 -7.312556244482015799e-04 2.915347296539305688e-03
2.660407692842450822e-01 1.505443418109431164e-03 -2.083069853821006845e-04
2.680062970484561324e-01 -4.079075652463903801e-03 1.450002277119333272e-03
2.699710687492987704e-01 2.006413442600329944e-03 6.941263981177225872e-04
2.719331103438277775e-01 6.808035562052783263e-03 -2.582005140425613909e-03
2.738953617713389965e-01 -1.891061287803030844e-03 9.878982613731324136e-05
2.758595903993434351e-01 -4.570129261917132979e-04 2.596626685329228579e-03
2.778231436002353560e-01 -5.991967092476291334e-03 -2.464419118283767141e-03
2.797859071946036114e-01 -1.855108641531599822e-03 2.325667235090866924e-03
2.817504063034654282e-01 -1.872418454894719808e-03 -1.222511992688857241e-03
2.837147187390027803e-01 1.586231928371040212e-03 -1.517547898425952724e-03
2.856812527994644912e-01 -2.861146443623008295e-03 1.296691280973538696e-03
2.876461192062581551e-01 6.687165732666144891e-05 -1.417627721888914394e-03
2.896082457887977912e-01 1.252144440361702138e-03 4.487811388804718860e-03
2.915741974901684408e-01 5.693270387423510215e-04 6.813339973302356967e-03
2.935415836544300050e-01 -2.209216998519614172e-03 -3.119184774172945041e-04
2.954999879529903728e-01 1.664309119057794106e-03 5.415383710152710250e-03
2.974584056912351060e-01 -2.308825253605206740e-03 -2.723184305626347168e-03
2.994203975909275894e-01 4.089600079630884011e-03 -4.179236153193377490e-03
3.013880750924928797e-01 1.976457547966603556e-03 5.546724946409176127e-03
3.033565162624839995e-01 -2.076127738427469005e-03 -7.789829031614736721e-04
3.053158308062333126e-01 9.839827860065319953e-04 -3.418823038296991967e-04
3.072768953244442436e-01 -1.810294187261640708e-03 -3.545346574736707446e-03
3.092377108679043585e-01 -1.648612269177562872e-03 -6.056059462222540546e-03
3.112031429582892139e-01 -3.521689434223818083e-04 4.081176122823659824e-03
3.131686691025728497e-01 -4.215649308522140259e-03 -2.248706952428514150e-03
3.151273554800705368e-01 -1.589792119771615830e-04 1.760175773997119109e-04
3.170932375007085025e-01 -2.161630018020943567e-03 -7.036561237214078446e-03
3.190610737055432633e-01 1.327540215374511945e-04 -5.978952142974280903e-04
3.210235157740045087e-01 -4.373555570091891553e-04 6.080225491024826567e-03
3.229874380661703070e-01 -2.918595233280529833e-03 9.847950764996227235e-05
3.249525505500740485e-01 2.029780334501740668e-03 1.505667384529285613e-04
3.269154616375684053e-01 -4.201215727010709777e-03 1.277912555972982034e-03
3.288769663260576182e-01 1.127451107692634125e-03 1.093879011230480813e-03
3.308383515638029793e-01 1.632936465416623406e-04 -3.028170161603060961e-04
3.328020915942210278e-01 1.849659866148600784e-03 3.066309039465142661e-03
3.347687116751468794e-01 -4.419260712838601890e-03 -1.097276639838606904e-03
3.367332571898710158e-01 -2.331094932695676469e-03 -9.615060118357554586e-04
3.386960689384997947e-01 -2.183019196572155707e-04 -4.871758744306675659e-03
3.406600525280260583e-01 -3.565930725511590182e-03 9.613908511068025575e-04
3.426233001527368427e-01 -4.032532134861099848e-04 6.258540741339357893e-03
3.445889527521693863e-01 6.713690231969771105e-04 -1.020585405570484383e-03
3.465518660123461103e-01 -1.315441813076967392e-03 3.922524668777960244e-03
3.485087929069773938e-01 -1.846362523087674568e-03 2.387817383530554949e-03
3.504697102607902126e-01 -1.873631808550380029e-03 2.232143867901825729e-03
3.524354523810072082e-01 -4.428032070279419585e-04 2.113345051599324620e-03
3.544036696678032894e-01 6.280799004219073112e-04 3.985857442833529163e-03
3.563643788424091796e-01 1.014048449812898767e-03 2.537611073962331432e-03
3.583253238945900421e-01 -1.047332020198576963e-03 3.305206207373068139e-03
3.602953020774790072e-01 -9.638707481514074971e-04 -1.939267601826277776e-03
3.622599207983844272e-01 1.130468824024344343e-04 -2.988711096618912322e-03
3.642230738014543556e-01 -7.180639179611425504e-04 2.475893751548996491e-03
3.661878229853764433e-01 -1.178899944229372387e-03 2.265767016194963901e-03
3.681538997989745599e-01 -6.631363172211468537e-04 5.810382817302395253e-03
3.701156482979396922e-01 -1.579280112440906159e-03 -1.750270859491309672e-03
3.720739903168409080e-01 -2.525844364348661664e-03 6.511230058450223623e-04
3.740364731646448893e-01 1.748746373214427052e-03 2.697143436148907725e-03
3.760018475835306684e-01 -2.315881890864734949e-03 8.503957377221649239e-04
3.779647180521883976e-01 -5.591087881242629010e-04 2.341961647333690166e-03
3.799266154183943978e-01 6.500462492060599118e-04 4.298443101088844642e-03
3.818913546366860534e-01 9.550086306204796927e-04 1.506504005516884348e-03
3.838571196463718138e-01 -2.567392030421888904e-03 3.399218452719399153e-03
3.858230774519020301e-01 5.005932164892090697e-04 2.398078743450327011e-03
3.877823032710944751e-01 2.838482529909924779e-03 3.341890748800313560e-03
3.897430554300525540e-01 2.347052499223512001e-03 3.887328624978758640e-03
3.917085898204771266e-01 2.230873343188610747e-03 2.738129285412727043e-03
3.936720443069112174e-01 -1.719724822784707285e-03 -1.354680326606572116e-03
3.956354415090437837e-01 2.869413678900922804e-04 -3.396138290363448498e-03
3.975990951452211264e-01 -3.083002650295596503e-03 -1.252294212148230557e-03
3.995640675233310679e-01 -8.727449047407631610e-04 -2.482281079997372686e-04
4.015273056540721308e-01 1.563029769934942692e-03 8.768327570740641619e-04
4.034926670185531861e-01 1.875519462612551536e-03 3.259616241065410591e-03
4.054584473287897173e-01 -1.508739370969514049e-03 1.601354949509525838e-03
4.074194049310838617e-01 -1.621705548982554923e-03 -3.666912927128285205e-04
4.093804400882105066e-01 -3.073159379015089065e-03 4.984411694499257806e-03
4.113442573847742034e-01 -5.634476112934549974e-04 -8.684299010492946280e-04
4.133086874632004859e-01 -1.504212513593894407e-03 8.980478381988010739e-04
4.152708794562526839e-01 -2.308965369894999675e-03 3.320686704170849879e-03
4.172332436425678637e-01 8.413355345051609646e-04 -7.816745171725925090e-04
4.192005224736830571e-01 8.509522978161765394e-04 -5.251149117940778766e-04
4.211667144034897392e-01 -9.722052529528291132e-04 2.965497238913705758e-04
4.231263390297882454e-01 1.314523791967836530e-03 3.088701936242888024e-03
4.250887432252642428e-01 -6.314066482837610295e-04 -4.263072516081933827e-04
4.270522909397709288e-01 -1.823101942756366611e-03 2.239011854050509953e-04
4.290182287339810441e-01 -5.127642510631691408e-04 1.874196790211168917e-03
4.309818057956440462e-01 -9.360123349766436007e-04 4.754781458474965916e-03
4.329407096677820865e-01 -4.770814377044185761e-04 7.455353079517390569e-04
4.349065656842640570e-01 -4.658178271922053248e-03 9.488564708519664492e-04
4.368717883210575526e-01 2.892644263126076254e-04 1.920067483196952196e-03
4.388347936977384234e-01 -4.162485757905232120e-03 3.011695404334435722e-03
4.407987443072355349e-01 -1.394788044862371734e-03 2.572547195755392480e-03
4.427621899121274573e-01 -1.653874066826155342e-03 7.200991595670558354e-04
4.447246899894710115e-01 6.384814352085044220e-04 1.623907273327063194e-04
4.466870646566163394e-01 2.654620690892617318e-03 1.503156598983812486e-03
4.486525621341245773e-01 -6.254927867987980505e-05 2.366681297193196087e-03
4.506183954244224465e-01 1.645780786177830635e-03 3.365448093453737854e-03
4.525808500991545524e-01 -1.207364096858176694e-03 2.064527629594969937e-04
4.545427485320481242e-01 3.264924939628599532e-03 7.767668609151012760e-04
4.565060509428015001e-01 -1.798793488116512407e-03 2.166002900870545034e-03
4.584720028340220077e-01 -2.702260774123388387e-04 3.709776586866109227e-03
4.604352980313318744e-01 8.536613537617476766e-04 5.046929103576403008e-03
4.623968783059578258e-01 9.597088836512668308e-04 1.599104878576174116e-03
4.643620951316330125e-01 -4.149040724677699465e-03 5.889360647213237598e-04
4.663237888585753943e-01 -3.415759639511573020e-03 2.732367764553877976e-03
4.682835156050136893e-01 4.049154774283802993e-04 3.449014790104509842e-04
4.702469879646248851e-01 -1.090913702180285050e-03 1.299409742656854050e-03
4.722112616116194150e-01 -6.647448392328447753e-04 2.613514345066514366e-03
4.741756111863268397e-01 -1.137329030203360070e-03 4.809091878845705992e-04
4.761408762064326394e-01 2.433756736955228206e-03 4.581671930030672968e-04
4.781062359395178984e-01 3.740499122622864547e-03 1.474453452948276677e-03
4.800721746930249334e-01 8.739494672926895191e-05 3.845508560495147776e-03
4.820349436185838998e-01 -4.180716453849875336e-04 1.029160795535943862e-03
4.839952759940936988e-01 3.035331471121338609e-03 9.035056617658909772e-04
4.859605176267556281e-01 2.454319878648858477e-03 5.312967618346320364e-03
4.879243407223515239e-01 -6.556080397989161312e-04 -2.429032581698575832e-03
4.898842736184370605e-01 -1.402581098868260767e-03 2.180384227452591972e-03
4.918480844155774245e-01 -2.007252691995420335e-03 1.077306369652752949e-03
4.938138796108778039e-01 2.134557644950518807e-05 1.679170578956723503e-03
4.957774651445424619e-01 -8.972006453100700440e-05 3.424698873543130517e-03
4.977381561320089465e-01 1.059379958036954505e-03 2.137356067223539213e-03
4.997029632954602119e-01 -2.969079656700568393e-04 5.599879728568346593e-05
5.016702622156679059e-01 -1.899114968882065213e-03 8.287982447263697594e-04
5.036312589334225320e-01 -2.142575972974292142e-05 2.534002152637881977e-03
5.055931472692879458e-01 1.223104665727392515e-03 4.146232478428713009e-03
5.075578959701104731e-01 2.210935689077153654e-03 -1.769359735783293530e-03
5.095207265014355391e-01 -6.752368790080565120e-04 3.746550169618778625e-04
5.114843212318039845e-01 7.490330226485042431e-04 3.037079714749424397e-04
5.134474700221419718e-01 2.335456159840321178e-03 2.952815763743732447e-04
5.154093705709905660e-01 4.344477186299489091e-03 8.697012080358668129e-04
5.173732672236911467e-01 -4.457950818523848113e-04 -5.659538531580521337e-04
5.193380932287704477e-01 -1.326850354543829269e-03 2.663049102706649407e-03
5.213035933656494647e-01 1.097768774633856026e-03 2.362820640201324096e-03
5.232667348508855953e-01 2.696786013827612294e-03 6.148841223787560040e-04
5.252268735692101620e-01 1.969359499167655514e-04 -4.917888647704149463e-04
5.271920631229356502e-01 1.591489621124875242e-03 3.470263355155989160e-03
5.291594431897449491e-01 1.156396247485869111e-03 2.218907640342271392e-03
5.311200915238849518e-01 2.900257943408757200e-03 -1.413544206529948610e-05
5.330829075783304338e-01 1.576007051750316634e-03 8.855399356042514825e-04
5.350484979173955047e-01 1.122241652959932168e-04 3.120436260687142749e-03
5.370122501536036541e-01 1.786313201758371605e-03 3.589466292191811903e-03
5.389755575690716727e-01 1.975479849058991988e-03 2.332312721726070848e-03
5.409369349971830943e-01 1.722466015096735248e-03 1.044225670612908274e-03
5.429026982371976118e-01 -1.655675662854960706e-04 1.504269925517220940e-03
5.448654523903417868e-01 3.811200865213359990e-03 2.902464770045742881e-03
5.468255050126749062e-01 5.074623993595039906e-03 2.474408113070758475e-03
5.487904109800462171e-01 4.193537435901451005e-03 -1.262664210774366857e-03
5.507547002394094227e-01 5.029054073786287660e-04 2.869061392408278621e-03
5.527180105693263457e-01 2.663747563677487662e-03 3.027276540183310161e-03
5.546813470743756636e-01 1.114485282697419422e-03 2.609011568961205896e-03
5.566458230185754585e-01 3.846318841360218954e-03 -8.767029236411705284e-04
5.586094671568646586e-01 1.502673961426115312e-03 -1.819517271979043116e-03
5.605738230282828471e-01 1.536284360973194651e-03 5.044755997862804264e-04
5.625367354461825453e-01 1.214496631764649948e-03 1.921946487105419266e-03
5.644984341803193084e-01 3.988236500562569731e-03 4.288220158153110972e-03
5.664610150341579109e-01 1.688524354770182256e-03 -2.599966579177603876e-04
5.684246688366775269e-01 3.437751947849676526e-03 2.538542000019461398e-03
5.703892609233365274e-01 3.151719305011235761e-03 1.757828631283597787e-03
5.723526063946410281e-01 3.180720489707189458e-03 8.399131324998698744e-05
5.743164392853508105e-01 2.614586987704559107e-03 3.361457703383585738e-04
5.762819110268575518e-01 1.655171706214986216e-03 3.634302210584472448e-04
5.782458570963776578e-01 2.761160160915654416e-03 9.559184307497137212e-04
5.802085937689801520e-01 7.993438602349467459e-04 -1.484624303963011371e-03
5.821726674133862467e-01 3.086596679133801757e-03 3.146994147430026700e-03
5.841359431748880393e-01 3.829631138665190448e-03 2.399221056056166645e-03
5.860998309743938872e-01 1.161130883860828078e-03 2.458268719494061116e-03
5.880631389193641256e-01 1.207668326212107957e-03 -2.023766811074079186e-03
5.900257488787664650e-01 1.843579983495269303e-03 2.712677961525633563e-03
5.919865688351690913e-01 3.154186668801406412e-03 4.269284376505755318e-04
5.939514200162294699e-01 5.599877496260674548e-04 -1.353662134294664199e-03
5.959172951890533421e-01 5.005730006847119995e-03 7.177872167758447830e-04
5.978775443224325636e-01 2.501671825498208435e-03 3.128625200096379899e-03
5.998413002191993471e-01 1.175269239978016245e-03 2.116644492861752269e-03
6.018055409520346455e-01 4.994105582774244212e-03 1.747380229406569896e-04
6.037704278430217064e-01 1.454956211038194169e-03 2.495057088565122427e-04
6.057335483671179022e-01 3.081208346618513616e-03 1.245154537650394744e-03
6.076945597777242414e-01 7.084791599660578143e-03 -1.062602220105457462e-04
6.096589573640405213e-01 2.476736096285403477e-03 1.108793804394547777e-03
6.116239538290223487e-01 1.837864526941013210e-03 9.436174855621537461e-04
6.135875567449253776e-01 4.960387704897373240e-03 -1.040849964751733303e-03
6.155504604393348123e-01 3.551664936718434973e-03 4.309147207890440257e-04
6.175158762482015895e-01 1.200944938396952821e-03 2.000955058694131594e-04
6.194812154765091394e-01 4.599787422503442968e-03 1.923077186839039499e-03
6.214437391452289905e-01 2.372125351329357201e-03 -7.573722817082462200e-04
6.234060821698115262e-01 3.729281915253235269e-03 5.542609508273343977e-04
6.253690775386083756e-01 4.112677750084392514e-03 1.643531415986387856e-03
6.273313486994601673e-01 3.784752146604120071e-03 2.032158740694622878e-04
6.292936712335003291e-01 3.443596929766368220e-03 1.717114241508888028e-03
6.312563108982401916e-01 3.267389774182394291e-03 8.148046855334101224e-04
6.332222089441686963e-01 4.907030867812522956e-03 3.411234492483039560e-04
6.351878482033080919e-01 7.187222296341611028e-03 -2.287114689373259679e-04
6.371489834624689541e-01 3.292336021724739936e-03 4.384721537360469767e-04
6.391115118960125629e-01 3.058650689734765393e-03 1.327570950367507052e-03
6.410774309130219395e-01 3.848621350084568959e-03 -2.269759316871899912e-04
6.430416104074025974e-01 4.415731020091406833e-03 1.593481745847169506e-03
6.450047804263148166e-01 3.676509151685269927e-03 2.720124077106644833e-03
6.469691795799689116e-01 4.554771994629280840e-03 -4.345332769418730479e-04
6.489347620837867536e-01 5.664714747368515546e-03 1.192165240849751839e-03
6.508958896826146923e-01 4.819422609684265169e-03 1.050264352043361882e-03
6.528555270926775789e-01 4.077884037774204273e-03 1.305037250862950415e-03
6.548212332972619398e-01 1.985794460909851011e-03 1.088811182753390838e-03
6.567841260999918163e-01 4.774312903411681575e-03 -1.139183994706916003e-03
6.587462590287479491e-01 4.204142581976322290e-03 -7.277210131868550036e-04
6.607102452578486051e-01 4.060737143422477047e-03 -4.535061638170079235e-04
6.626731140369079842e-01 7.040507517336536125e-03 2.226757869553619429e-03
6.646370244211653455e-01 4.678265212596288691e-03 8.255142625117617428e-04
6.666010606245624803e-01 6.055499856928880931e-03 -6.278594602063813923e-04
6.685664718071782087e-01 3.384436161695258960e-03 9.952021842745129021e-04
6.705307584410927779e-01 4.634460252032734928e-03 -2.317552492491103955e-03
6.724922408458219314e-01 6.215550979971729006e-03 1.897260389198685004e-04
6.744565592120549402e-01 5.573963007098114986e-03 -1.559376151303193403e-03
6.764208617353202335e-01 5.836597834631085391e-03 6.580499282640150938e-04
6.783851902907409581e-01 6.155945181627986429e-03 8.460620669625829038e-04
6.803486872495684290e-01 5.836816140415423959e-03 4.615637990583731920e-04
6.823091015847083662e-01 7.738578024447884118e-03 -6.527973677474818714e-04
6.842727836723012658e-01 4.045477906823746750e-03 1.183121535140996272e-03
6.862384728503743148e-01 7.328142110799351627e-03 6.228956133389473848e-04
6.882017975464503889e-01 4.380352088802608179e-03 -7.327909066749960232e-04
6.901637921461921676e-01 5.006588947453094463e-03 -3.341460817675168116e-03
6.921266642103705014e-01 5.825061757852134647e-03 7.898249896616249544e-04
6.940918084511873420e-01 4.907867160681256280e-03 4.297954744105769720e-04
6.960544293912187541e-01 6.806504827892467802e-03 1.394969060588113763e-03
6.980180848493147128e-01 5.663369195934464528e-03 -2.033517655676164715e-03
6.999827997335589247e-01 6.662533850657181844e-03 1.051612994314776728e-03
7.019455423521648862e-01 6.997969276622884038e-03 -1.266530100340612641e-03
7.039085127022270960e-01 6.000241821703111711e-03 -2.361362772657860098e-03
7.058700461572781082e-01 4.588734681068906696e-03 1.500026348222327499e-04
7.078341193990569380e-01 4.064478284874661895e-03 -2.494521919669479004e-03
7.097971657717029315e-01 6.387938594422992722e-03 -1.520010015914952106e-03
7.117613031915722699e-01 7.500271442252515186e-03 -1.518292010432520378e-03
7.137262784997410181e-01 4.055562386721778267e-03 -2.414772988410529564e-04
7.156885691119563297e-01 4.832782569237359382e-03 -6.437379918252661426e-04
7.176536775891338982e-01 4.940030337379219816e-03 -1.189587905219835484e-03
7.196167528876399322e-01 4.675104982523548003e-03 -6.833921719791025140e-04
7.215790371524657409e-01 7.393580876964733761e-03 -1.191637094986042200e-03
7.235438435609551355e-01 7.597518804704828099e-03 -1.018427242971520208e-03
7.255091971376199655e-01 5.163802108145931768e-03 -3.045199415688704114e-03
7.274737016014400925e-01 4.711503937243177731e-03 -3.467349678544229263e-04
7.294345092929456209e-01 6.173081056366047648e-03 -3.543916775379241102e-04
7.313964952077463000e-01 5.243713181441789217e-03 -1.021485846026015665e-03
7.333619426186839263e-01 6.499852601711486599e-03 4.398703844623597092e-04
7.353273405721939548e-01 6.577345337428486260e-03 6.174472940363440188e-04
7.372904789275483983e-01 6.000138848147873460e-03 -8.347421092079754246e-04
7.392513310381788605e-01 6.143534960360241826e-03 -1.335722529040017648e-03
7.412148685941316595e-01 7.292247192634215835e-03 -4.524931533175235998e-04
7.431796094809131059e-01 6.461119129665293670e-03 -2.435096107674672439e-04
7.451421627405231396e-01 5.421166400467303248e-03 7.057479589331894232e-04
7.471057017467311878e-01 5.112194841709882809e-03 -2.307508289438708893e-03
7.490678160688428733e-01 7.341887628459220494e-03 -1.137609993853594403e-03
7.510305091580340431e-01 6.353727694383914937e-03 5.304203182447952969e-04
7.529956517427728313e-01 6.846000108305272391e-03 -2.638926272460206945e-03
7.549605889490235144e-01 7.402117601543745096e-03 1.040745584230284848e-03
7.569258934556346574e-01 4.782669679991746747e-03 -4.037225517101727945e-04
7.588882960803368105e-01 7.454621828501872827e-03 2.797059418981895362e-04
7.608500039147968463e-01 4.300599920254999375e-03 -1.584345825679234210e-04
7.628138400252665319e-01 6.608245819942348831e-03 -2.393304252696459855e-03
7.647787240184011903e-01 6.248964734571149648e-03 -1.783173562183715255e-03
7.667417648769209171e-01 5.068230980917798334e-03 -2.111498459231753166e-03
7.687044567773785309e-01 6.231586751645590283e-03 -1.001366101848311096e-03
7.706687501805554730e-01 6.855289573835410266e-03 -4.268937448186349570e-04
7.726320699336604036e-01 7.980775072889079169e-03 -5.880204352242124344e-04
7.745934724777224778e-01 6.145501104739103937e-03 -1.536571614428106081e-03
7.765567480812429757e-01 7.237274643066893276e-03 -1.593571799392456967e-03
7.785218381971913404e-01 5.458801278221070419e-03 -2.831967656481415574e-04
7.804841741684165335e-01 6.729796627628736871e-03 7.281611326082071400e-05
7.824478024316451341e-01 5.805105305739299837e-03 -2.564486068324600687e-03
7.844121022238006447e-01 7.002125816142124037e-03 -1.805772445442777041e-03
7.863758099061397555e-01 7.003693331869564886e-03 -3.716569917066592232e-03
7.883406864142413761e-01 6.699404027795008432e-03 -2.579773013297148587e-03
7.903037415654643461e-01 6.304334992180748998e-03 -1.726114862020455831e-03
7.922663603479750405e-01 5.541357190540274757e-03 -2.216987763607902728e-03
7.942315750519043371e-01 6.268948110246475025e-03 -1.765619314912703075e-03
7.961957356049866874e-01 6.936644006993342160e-03 -6.666552655623103618e-04
7.981565329547103405e-01 6.040809782495548674e-03 -1.495617007365557249e-03
8.001178697837888487e-01 6.060229334815758762e-03 2.661022175369787135e-04
8.020837186767614257e-01 4.721342926633953496e-03 -1.559436644622880230e-03
8.040485207724455963e-01 5.377313270083838859e-03 -5.736034353608365777e-04
8.060109679715449227e-01 5.906968131630607743e-03 -4.158218629151111401e-04
8.079755383881416231e-01 5.623870266230346360e-03 -1.463748817931875834e-03
8.099396622457782913e-01 6.932070933180156658e-03 -1.441092280063283049e-03
8.119017638705873230e-01 6.183450882006447102e-03 -3.153146522938077290e-03
8.138627203276854738e-01 5.909314047508607004e-03 -2.383724523820962560e-03
8.158273204463321049e-01 6.287773302244392681e-03 -2.188127703751652220e-04
8.177914395515989421e-01 7.109442617340810955e-03 -2.376607860093526980e-03
8.197521408528577469e-01 7.218045788269566998e-03 -1.579277456595029605e-03
8.217165669322732402e-01 5.722685389004444900e-03 -1.255434946234257332e-03
8.236812157488997421e-01 5.414351320633725706e-03 -1.888738912988463525e-03
8.256445297780140580e-01 4.858044408848183338e-03 -2.360245065617716520e-03
8.276079633551022274e-01 5.291851788279400282e-03 -6.335689109213671344e-04
8.295731442543726741e-01 5.664885016633647297e-03 -1.090958248670337305e-03
8.315378375109503395e-01 6.603897655422796831e-03 -1.726464579822839518e-03
8.334996426790161062e-01 5.959936656037667646e-03 -2.368263285099869719e-03
8.354640071526344691e-01 6.778844982577414413e-03 -3.199064957171260382e-03
8.374298819485861411e-01 6.103835306440430486e-03 -6.444766569370097287e-04
8.393937973832643618e-01 5.494487407436299264e-03 -5.334080340645419582e-04
8.413561129959259421e-01 6.595414933273202607e-03 -8.117152238565905620e-04
8.433185866048168444e-01 4.450105079210731063e-03 -2.026972081206168674e-03
8.452801978400548144e-01 5.545525537292261831e-03 -2.493701417145111066e-03
8.472425776974678024e-01 5.628357548379980813e-03 -2.947852421598895489e-03
8.492065219429839606e-01 6.188615691421039955e-03 -3.865592855828214880e-03
8.511709446510502541e-01 5.032939995838425773e-03 -7.768501477063427529e-04
8.531374409580887441e-01 5.031230653190998936e-03 -2.428429395152087444e-03
8.550997481964769387e-01 6.809693432103802735e-03 -1.362103992328389523e-03
8.570600579610034853e-01 6.488507126067188935e-03 -2.135980652503310928e-03
8.590254869943645399e-01 6.762155706524497489e-03 -1.317855945219603697e-03
8.609892187673233721e-01 6.802519228056747025e-03 -6.857383198398681046e-04
8.629523402764113227e-01 5.907520593957382715e-03 -1.663334673455030277e-03
8.649173560542485761e-01 6.844017425968740298e-03 -1.922139699718772299e-03
8.668809343654351185e-01 6.139097879771071575e-03 -2.124392802250185674e-03
8.688435097612539071e-01 5.251529984346525737e-03 -7.581194534702628829e-04
8.708057379872377046e-01 4.269985785933183564e-03 3.891260516151184845e-04
8.727686696529293187e-01 5.122714904521652457e-03 -3.368410652263897909e-03
8.747331143329603043e-01 5.338684920170200243e-03 -1.448801694903578685e-03
8.766973303106830873e-01 5.298354317098130650e-03 -1.243367798317018824e-03
8.786611213554267330e-01 5.133375913937809898e-03 -2.713607565092868157e-03
8.806218224867946587e-01 6.024633439591919881e-03 -3.820526558891201852e-03
8.825843767716224919e-01 5.885105418464098292e-03 -3.091482069393136634e-03
8.845511914264984066e-01 6.844981220061940874e-03 -9.544267369165915227e-04
8.865153930620327527e-01 4.506374949702296462e-03 -2.843521529852899299e-03
8.884783665501898575e-01 5.807058989346414180e-03 -2.497460280702523683e-03
8.904421341633521614e-01 6.468733670822901516e-03 -2.384089958845758694e-03
8.924056513850948669e-01 6.842003318878520091e-03 -2.225998773981663348e-03
8.943685071394841257e-01 5.674518500901726270e-03 -1.560216846996587137e-03
8.963320788322468591e-01 4.586448377522200914e-03 -1.442922407584701361e-03
8.982962014654971572e-01 4.363832637653386470e-03 -2.408291363913073191e-03
9.002603186144956249e-01 5.090811243797066510e-03 -2.942275815484451940e-03
9.022234143173946119e-01 6.621515549350087682e-03 -6.997053068968916989e-04
9.041862070311723620e-01 5.448137448536005678e-03 -2.053160461566116979e-03
9.061487512420768331e-01 4.835184582999252356e-03 -4.399742225529745809e-03
9.081112064494463176e-01 5.027477292929294350e-03 -2.529032924098117974e-03
9.100755940893677787e-01 6.518287946004841515e-03 -1.533112671723846354e-03
9.120399145216849801e-01 5.950062723856675007e-03 -2.561077305459735776e-03
9.140033565816164662e-01 2.819588176831144821e-03 -3.604707334537105012e-03
9.159676263977349908e-01 5.687543441571518699e-03 -2.567294698919253548e-03
9.179308331168932744e-01 5.692668479975626639e-03 -1.671268120168600824e-03
9.198942037412202177e-01 5.029636296011386065e-03 -1.585209774651152870e-03
9.218587221832866829e-01 5.065324727790310178e-03 -2.257526780850005466e-03
9.238214686398871223e-01 5.644637664221630047e-03 -1.454949272722938503e-03
9.257848465825030404e-01 6.019903427306516619e-03 -2.626584403973786230e-03
9.277490515046397102e-01 5.029329462576725973e-03 -2.967916840841522408e-03
9.297120977262811614e-01 5.149741146914577072e-03 -1.654454928052939700e-03
9.316753701185601644e-01 3.909868232067736926e-03 -2.470813002895311250e-03
9.336398288617628882e-01 4.101338226266237896e-03 -3.639587258746468379e-03
9.356033330913157142e-01 4.837879019586655005e-03 -1.422584901473955554e-03
9.375653129801349017e-01 4.876538709357225443e-03 -2.865252973565213246e-03
9.395275789514556664e-01 3.759885210629754226e-03 -2.113876472080167268e-03
9.414908514945712348e-01 4.424772251057085271e-03 -1.359172833379052037e-03
9.434542806821217820e-01 5.529276477009625879e-03 -2.441074814005794735e-03
9.454181096200470202e-01 3.613281572268256525e-03 -1.470449319537214805e-04
9.473829395616142346e-01 3.582559342652613665e-03 -2.609870200109831728e-03
9.493470880512863141e-01 5.874973473029010407e-03 -1.766336147805747103e-03
9.513110589135793660e-01 4.575152745478483496e-03 -1.760593410377597756e-03
9.532738356502016286e-01 4.007354903252657863e-03 -2.260132327590924639e-03
9.552363135723286325e-01 3.232383470777921985e-03 -2.193224137529758977e-03
9.572004098625701562e-01 4.345892329889800010e-03 -2.422032149765551701e-03
9.591639669894272968e-01 6.104293920651260308e-03 -9.794064765712429121e-04
9.611287060475930399e-01 4.577076670159385685e-03 -2.025662426385244075e-03
9.630923764687719935e-01 3.629464907653146000e-03 -2.600688872747558555e-03
9.650550730420762724e-01 5.256564439070077199e-03 -2.638657677754507880e-03
9.670185353640818882e-01 3.889925139670236121e-03 -3.901929537270198978e-03
9.689827211110116911e-01 4.755920957184356368e-03 -3.376411473519302930e-03
9.709465337099935089e-01 5.000165006231904741e-03 -2.531511315056911293e-03
9.729093603220589914e-01 4.943637627627062159e-03 -1.179454155275871940e-03
9.748721849962111996e-01 3.610345420818061868e-03 -3.220096751536560831e-03
9.768357691037993229e-01 3.958436915864282923e-03 -2.254347373633724949e-03
9.788000246177372965e-01 3.590091891692015480e-03 -1.389461759273458163e-03
9.807624578316347375e-01 4.385173104622941409e-03 -9.042548909103942378e-04
9.827262354808576905e-01 3.680162540615761202e-03 -2.515661508348920883e-03
9.846887706349706226e-01 4.649800026838901701e-03 -2.280003056639334780e-03
9.866514509339513461e-01 5.302071975681998950e-03 -2.220405126795998996e-03
9.886157579507915960e-01 3.673909866235947064e-03 -3.694763433761738547e-03
9.905789599107388543e-01 4.017767519556958433e-03 -2.084477357683911514e-03
9.925434279834315365e-01 3.827240838005119272e-03 -3.244602300288779162e-03
9.945070422856496783e-01 3.245615599601459067e-03 -2.278539466898155119e-03
9.964700155007555349e-01 2.356266673701146175e-03 -2.782157735662593723e-03
9.984349445900422282e-01 3.987600469397722946e-03 -3.920003413673711634e-03
1.000399126280236528e+00 4.022446996005735187e-03 -2.175385637774085446e-03
1.002360564125131859e+00 3.504196562017725114e-03 -5.988384756367981510e-04
1.004324055118740455e+00 3.339012961244947064e-03 -2.193130663462605767e-03
1.006288418457795819e+00 3.361689652757293700e-03 -3.377400857440093773e-03
1.008252227939800072e+00 3.042218638941829312e-03 -2.570320440369644466e-03
1.010215065195558815e+00 3.485173555933585021e-03 -3.358901461720908976e-03
1.012178163192794633e+00 2.841082215681689505e-03 -3.417638552684176823e-03
1.014142441134547212e+00 4.388718555574877556e-03 -1.977598135199931662e-03
1.016104965503465962e+00 3.965466519926907907e-03 -2.859039806427654540e-03
1.018068533488509342e+00 2.901259468133687847e-03 -2.429342270267476067e-03
1.020032220854588889e+00 2.236259803870765950e-03 -1.653093166447905382e-03
1.021995265320545743e+00 3.601447364621312985e-03 -3.499871022940359566e-03
1.023959499885362501e+00 4.320164089036016009e-03 -2.105821837011911946e-03
1.025923630942163323e+00 2.816449545191890280e-03 -1.874546596302040236e-03
1.027886846710883262e+00 2.691784247609962932e-03 -2.461032786149730534e-03
1.029850125457080434e+00 3.005417669345922249e-03 -2.094150974457198444e-03
1.031814741568839011e+00 8.726480761966914912e-04 -2.664427705392435897e-03
1.033777682365227379e+00 4.137895381655321003e-03 -2.655962682436618927e-03
1.035740165972897975e+00 1.821642651347765707e-03 -1.562068660104221074e-03
1.037704053457574105e+00 4.044833460175922824e-03 -2.141410947272825993e-03
1.039666496678612440e+00 2.374919255667906626e-03 -2.375684501195518550e-03
1.041630701884227461e+00 3.520992200609418532e-03 -2.612503802961851918e-03
1.043595583520079417e+00 3.146311996486961249e-03 -2.625933455943529893e-03
1.045558894381575454e+00 1.811350186445626065e-03 -2.427647179159886370e-03
1.047522951172541017e+00 1.564968805796596030e-03 -2.902324614394435898e-03
1.049485295407377450e+00 2.710001622095337126e-03 -4.277845958456816255e-03
1.051447285208213067e+00 2.351483850404179066e-03 -2.887821485327735083e-03
1.053411644514909318e+00 3.049777685589560861e-03 -2.078364330721615971e-03
1.055374993008866058e+00 2.188361474726008282e-03 -2.943487624033069849e-03
1.057339595447300384e+00 1.901435486464375657e-03 -2.890640582519643509e-03
1.059304095128847489e+00 2.442726117945381858e-03 -3.038991986298977821e-03
1.061266767506229503e+00 1.830697832265526515e-03 -1.511093854941303327e-03
1.063229219669513892e+00 1.356363246215686047e-03 -2.991392387400093611e-03
1.065191162312204121e+00 2.093785735288067329e-03 -2.278255858882527463e-03
1.067155587593902055e+00 1.052236428099373455e-03 -2.372530605758593758e-03
1.069119382691925413e+00 8.766290190485026557e-04 -2.947920913329071801e-03
1.071082763783970826e+00 2.250114634474442710e-03 -3.678032594468971794e-03
1.073047462349017378e+00 2.504080878803494059e-03 -3.111097219595904129e-03
1.075010728621574208e+00 2.728784813444740109e-03 -2.318094610931020760e-03
1.076973653479115445e+00 2.627746824302557016e-03 -2.362541115388139268e-03
1.078938384333417266e+00 1.236062000831816832e-03 -3.236293968139292154e-03
1.080901681173376261e+00 1.520765872821794318e-03 -2.919314206060064087e-03
1.082864290677894248e+00 2.669512631038761796e-03 -2.345968619833715962e-03
1.084828559074764387e+00 2.005216262448206166e-03 -2.401665423027998791e-03
1.086792739429635501e+00 1.703445669710701438e-03 -2.634126209605347491e-03
1.088757131983169923e+00 4.113238181489009548e-04 -6.851886434021681183e-04
1.090718924882482677e+00 1.781383063148567203e-04 -1.695259032564067070e-03
1.092682638695499753e+00 1.437009710095971116e-03 -1.558368547320165831e-03
1.094646943453319921e+00 -1.447335704192198591e-04 -9.999190438643168477e-04
1.096608845935744370e+00 7.963578940644033821e-04 -2.840981755153793031e-03
1.098571963489039627e+00 1.765791714714914917e-03 -1.979189482375298681e-03
1.100534953295673635e+00 7.047074028665445411e-04 -2.204728226192331775e-03
1.102497978833867132e+00 1.303073817085165231e-03 -2.497869537830488262e-03
1.104462137371183150e+00 7.708056043391753320e-04 -2.666829066951703631e-03
1.106426924667365475e+00 1.030696093483163267e-03 -1.753773281413462115e-03
1.108390070033769215e+00 1.540425900892206101e-03 -2.162182228913289705e-03
1.110354433101588212e+00 9.688405700056801351e-04 -2.213492249800164124e-03
1.112318905847356154e+00 1.328746773261446634e-03 -2.001083378856516326e-03
1.114281118831018658e+00 -4.007926321210053544e-04 -2.237467592431818808e-03
1.116244163760512942e+00 1.617833343491081877e-03 -1.716965531206704476e-03
1.118208934702892732e+00 7.782963638256479300e-04 -1.884951848730720414e-03
1.120172277618600276e+00 6.548525776601810122e-04 -1.241833946049819559e-03
1.122134276701896916e+00 9.321331435288016110e-04 -2.844568422878834824e-03
1.124097141149865919e+00 9.468766397546790614e-04 -1.979195200471739469e-03
1.126061364956701061e+00 2.341899075353204296e-05 -1.578667470328198874e-03
1.128024077021501759e+00 -2.159480517173184566e-04 -1.968536182094915432e-03
1.129986987876324012e+00 6.212690626838934804e-06 -2.953767117601424630e-03
1.131951186205176096e+00 4.148417954914496164e-04 -2.478781140441643771e-03
1.133913442758441636e+00 -2.191545803389427505e-04 -2.018414989520711522e-03
1.135877400774379042e+00 2.300339957534980329e-04 -1.701440878121740496e-03
1.137842649580433463e+00 -8.263453689844046934e-04 -2.937453278284318792e-03
1.139807497679087511e+00 -4.935435059012505121e-04 -2.883138310874167054e-03
1.141770532567423446e+00 -6.297303369543483242e-04 -2.835092255210613921e-03
1.143733421936840911e+00 4.836184699765766482e-04 -1.199748376741638367e-03
1.145698182974435264e+00 -1.596861823534023728e-04 -2.034963394695554761e-03
1.147661605796726159e+00 -1.898418753266684078e-04 -2.708864518653819609e-03
1.149624358652808986e+00 -5.544385217749470129e-04 -1.968621254299307566e-03
1.151587927232218922e+00 6.314663123940800205e-04 -2.341691418699443084e-03
1.153550643751893423e+00 1.600512954524901943e-05 -1.961239771426370737e-03
1.155514439041259056e+00 -6.531112977685715748e-04 -2.081753503302530284e-03
1.157477900271846716e+00 -8.908714480626578336e-04 -2.332158240518911185e-03
1.159441069166513794e+00 -8.676697307344882759e-04 -1.621745587577994030e-03
1.161405291900987846e+00 -6.137484562142025979e-04 -1.777122700598265936e-03
1.163367819081543963e+00 -3.782254948690999541e-04 -2.745139574205412991e-03
1.165331893443064981e+00 -9.420243116671223049e-04 -2.359772267728654782e-03
1.167295674076856304e+00 -2.089942430809621499e-04 -2.074644535555281166e-03
1.169258546658551667e+00 -4.017786323140537519e-05 -1.755847847031755116e-03
1.171221595430770979e+00 -2.789218264940274139e-04 -1.520793439438894445e-03
1.173185146383063371e+00 -4.212669878181918293e-04 -3.297871696354981452e-03
1.175149959430021651e+00 -1.501990615258241846e-03 -1.357526316692725388e-03
1.177112390916867257e+00 -1.738124950804165181e-03 -1.624274416333948423e-03
1.179074397002659591e+00 -3.271743269234184126e-04 -1.336553787738559151e-03
1.181039459506513678e+00 1.821925395617540744e-05 -1.621880465587310916e-03
1.183003514209000073e+00 -1.013290852386772301e-03 -1.288699105985613436e-03
1.184966589401101000e+00 -2.035281861435866979e-03 -2.940028061320099084e-03
1.186930590314889233e+00 -4.224915671274809270e-04 -1.779164005164757256e-03
1.188893953027919892e+00 -2.208815773575789621e-03 -1.672130844925900917e-03
1.190856724152653534e+00 -3.950876452856633136e-03 -2.454615934749937445e-03
1.192820156966973189e+00 -5.431573881727880249e-04 -3.057005139404211924e-03
1.194784420961799487e+00 -9.338322058330961184e-04 -6.967460644967671257e-04
1.196747559014874618e+00 -1.168907448179767883e-03 -1.707712981172226918e-03
1.198710449866422945e+00 -2.199161604702792872e-03 -1.043436784986973009e-03
1.200675350103205252e+00 -1.224198918561292260e-03 -1.460297659985898555e-03
1.202639215955308538e+00 -4.982392065731033881e-04 -2.459937119625221769e-03
1.204601650950698488e+00 -6.421696374697694054e-04 -1.165551647509754929e-03
1.206565102635195119e+00 -9.890446009249709292e-04 -1.541866393337643082e-03
1.208527921255512894e+00 -1.343705621894453195e-03 -2.529236024592429466e-03
1.210491346276120872e+00 -1.763628405114348041e-03 -1.524139098725507679e-03
1.212455064026912499e+00 -2.614177710068110727e-03 -1.581383190117247040e-03
1.214419126350501754e+00 -2.955854210216823930e-03 -2.112691045615622265e-03
1.216382467309924609e+00 -1.686604133250502180e-03 -2.327213774597658436e-03
1.218346219473835257e+00 -9.048481375107941815e-04 -1.826603991923025916e-03
1.220310594963075257e+00 -1.940723296690705091e-03 -1.507596842595826381e-03
1.222273449941803092e+00 -1.882000549490614461e-03 -8.256508519879357522e-04
1.224236506288246096e+00 -1.660523343651854056e-03 -1.435798657698050818e-03
1.226200431172725702e+00 -2.832644529439432013e-03 -1.030211987600115897e-03
1.228164050612370994e+00 -3.442922967956452140e-03 -1.853012571929046892e-03
1.230126199943456067e+00 -2.566807558488815033e-03 -7.441349581382983303e-04
1.232090078831588054e+00 -2.230810885647693809e-03 -1.022157440662474492e-03
1.234054890277870742e+00 -2.798785703998496466e-03 -1.394581305047437603e-03
1.236019471108411372e+00 -1.480060339478339593e-03 -1.010779987593801721e-03
1.237982268854457946e+00 -3.016304824237314719e-03 -5.396810467706014691e-04
1.239944984954800544e+00 -2.788784406480671052e-03 -1.243875017580942099e-03
1.241909277109156884e+00 -1.881310169467131921e-03 -1.539066358355989372e-03
1.243872080835461302e+00 -2.751039035922109299e-03 2.157875034003442494e-04
1.245834750568199922e+00 -2.571853151978831242e-03 -6.919914726388753934e-04
1.247798321647104691e+00 -1.914563375601141537e-03 -1.589119349712730944e-03
1.249762396457812175e+00 -3.937218896207572705e-03 -2.044091539602388430e-03
1.251725875333471460e+00 -3.331977503525540563e-03 -1.170189028248946883e-03
1.253688690997103894e+00 -1.725268710807359440e-03 -1.417149656988025974e-03
1.255652150893023178e+00 -2.910251305530464627e-03 -1.101815444303211322e-04
1.257615652664097139e+00 -3.158728597411397665e-03 -9.634326886986954719e-04
1.259578305532736975e+00 -2.593603784624476383e-03 -1.299440695099129961e-03
1.261541571495108371e+00 -2.972197096222650714e-03 -2.314737452220438918e-03
1.263506432124981593e+00 -3.355340906079029573e-03 -1.756712973837615266e-03
1.265471050333606406e+00 -2.855952105560777277e-03 -2.292177828833175113e-04
1.267433654280854416e+00 -3.508181425155409983e-03 -1.119413142283254281e-03
1.269396085930712070e+00 -3.385079980098293362e-03 -5.115137815446813008e-04
1.271360387050010754e+00 -3.194870899850710266e-03 -1.404766929346656923e-03
1.273323831309111087e+00 -3.392329506391900118e-03 -7.944218074132924912e-04
1.275286875250795982e+00 -3.310141287267476251e-03 -4.514629024801042334e-04
1.277252140748601716e+00 -3.684146716091185603e-03 -6.615824940714443159e-04
1.279215977823459971e+00 -3.955107038554617205e-03 -6.201719520870785374e-04
1.281178167218006259e+00 -3.643468529062388050e-03 -8.116002881503048272e-04
1.283141484067358951e+00 -3.558279254657903401e-03 -5.570508987761124686e-04
1.285105161820547126e+00 -3.141768638907915800e-03 -4.860777655980585976e-04
1.287069168009013387e+00 -2.774164339442664051e-03 -1.352382857939149474e-03
1.289032245695894918e+00 -1.926375790367029772e-03 -1.551282448553736870e-03
1.290994427857516946e+00 -4.000124829751650068e-03 2.587450247926170732e-05
1.292958892510028157e+00 -4.064713445616652265e-03 -6.519407980054570118e-04
1.294922944916019336e+00 -3.644275749275172060e-03 -1.429581622246489658e-03
1.296886417405511471e+00 -5.001220081168988862e-03 -7.225952906649846241e-04
1.298849945192089628e+00 -3.830991986485288159e-03 -9.702568596802185752e-04
1.300812958894203009e+00 -4.229733420747061601e-03 -1.207549010641684184e-03
1.302777217643284580e+00 -3.960044997892486762e-03 -4.544070233755137522e-04
1.304740528900472096e+00 -3.795111686395791217e-03 -1.754089759597454723e-03
1.306704092849343413e+00 -3.511055288055842105e-03 -6.341758085525173172e-04
1.308668792664753555e+00 -4.086381035582009602e-03 3.996554709984057041e-04
1.310631853383037893e+00 -3.643192653837390438e-03 -4.579718130515164631e-05
1.312593989733512823e+00 -4.489741355447218751e-03 -1.148082241168801865e-03
1.314557358657213904e+00 -5.407063881958107388e-03 9.859826754796685577e-04
1.316520199200420294e+00 -3.660059127086667807e-03 9.497881476661085287e-05
1.318483459470972896e+00 -4.594536922669645307e-03 -1.086963191541667761e-03
1.320448032274235128e+00 -5.364769274615599493e-03 -1.462441211108611583e-04
1.322411912592753147e+00 -4.027719450993116901e-03 -7.064112472510153395e-04
1.324374750886054608e+00 -5.215439630960161388e-03 -2.818357613921795846e-04
1.326337580734525901e+00 -4.276425045380505274e-03 -1.063974540691514648e-03
1.328301923659636286e+00 -3.361560988361933511e-03 -9.374026765476273226e-04
1.330266059862576178e+00 -4.577763641482546220e-03 4.832121288960156136e-04
1.332228926316225026e+00 -4.731009885619141819e-03 -1.023935123191654917e-03
1.334191952668112968e+00 -5.527145434841784777e-03 -8.955424920259469346e-04
1.336155694605873245e+00 -5.262587318662581559e-03 -9.622959611476078479e-04
1.338118839307665286e+00 -4.573268045784950608e-03 -4.656726278214895487e-04
1.340082232161159181e+00 -4.942081866771808052e-03 -6.174272162390304075e-04
1.342046398098899029e+00 -4.897140609752437257e-03 -6.725341500879444823e-05
1.344009842159480606e+00 -4.245084812403154828e-03 -2.313402712755818769e-04
1.345973507693208226e+00 -6.202571134761414307e-03 -9.353968118158695333e-04
1.347937066859747679e+00 -6.005739552677802351e-03 -5.631126677466680164e-04
1.349900269640285311e+00 -5.789894338922962902e-03 3.838534567579543477e-04
1.351863102363174418e+00 -4.725046854584857847e-03 -2.139574589954396089e-04
1.353827257989887567e+00 -4.285365305346178211e-03 2.850879783846682614e-04
1.355792210003048170e+00 -4.763171352991646401e-03 -3.342850907777084046e-04
1.357755610953768288e+00 -5.792255506972265877e-03 5.324646334483595922e-04
1.359719078667433134e+00 -6.243290617581109814e-03 -5.421057440549992279e-04
1.361682930563642202e+00 -5.669981808648860699e-03 4.023540233322187021e-05
1.363646703515620562e+00 -6.167568870722228702e-03 -4.409010904544707898e-04
1.365610129028238307e+00 -5.926500978763460381e-03 4.836424016949614213e-04
1.367572305484022532e+00 -4.440992975682234167e-03 1.344025604059773116e-04
1.369534446923637905e+00 -6.556214909477997566e-03 4.005437371692455173e-04
1.371498630569319310e+00 -5.887946197793314518e-03 -3.565853602153223889e-04
1.373462223029878304e+00 -6.043135185233583506e-03 -8.669564381652561380e-04
1.375425568938308585e+00 -5.188123009942979813e-03 -1.255325871369006308e-03
1.377388874420285125e+00 -6.040632088100905683e-03 6.787439884359258713e-05
1.379352011331288930e+00 -6.603829117733273080e-03 7.224568978705381284e-04
1.381316440680286695e+00 -6.332606041652422135e-03 -4.059646022793739206e-04
1.383280076492922506e+00 -5.616525107953185270e-03 4.841788805582947219e-04
1.385243630368001799e+00 -5.435693316351297710e-03 -6.863068242991543499e-04
1.387206367183814404e+00 -6.076389635283563351e-03 1.575916687188705367e-04
1.389169523690085617e+00 -7.453961708838496847e-03 -2.051222282752895865e-04
1.391133969093196088e+00 -6.527627908811450830e-03 -5.592820612865256891e-05
1.393098317462361457e+00 -6.910615810523990099e-03 7.400450737826691494e-04
1.395062342183275073e+00 -5.768274668931594462e-03 1.476068905046368229e-04
1.397025486274696027e+00 -5.301644424341334094e-03 -7.403177679164985037e-04
1.398988878083303078e+00 -6.835031322222184791e-03 1.922523428197209228e-04
1.400952790426954087e+00 -7.884908458683614896e-03 1.928678231677416477e-04
1.402916314910541917e+00 -6.487206751780383307e-03 -8.059896415376632817e-04
1.404878959227797486e+00 -6.564052220315308439e-03 -2.463775466143847126e-05
1.406841280822941798e+00 -7.026730973986206052e-03 -2.339956530686970737e-04
1.408804758228856091e+00 -6.597160257367340463e-03 -1.290345740107001760e-04
1.410768854240014081e+00 -6.645668152828743125e-03 -1.007556233154627279e-04
1.412731682961186230e+00 -7.355807520175838832e-03 -1.570565248372179923e-04
1.414695177839160323e+00 -6.261338070816968582e-03 -9.590278932125606559e-05
1.416659263216333509e+00 -6.417027428429311620e-03 2.849094431973675512e-04
1.418622890972424777e+00 -6.913379812680808811e-03 -4.122713727299220920e-04
1.420586199266810512e+00 -6.961147834850356375e-03 -1.701937585822932419e-04
1.422549114213064847e+00 -6.628553326625929998e-03 -5.231916878190023823e-05
1.424513627192621756e+00 -6.791769885289955511e-03 2.042567516959969964e-04
1.426477624273651656e+00 -7.165359883638422467e-03 5.490527548162038585e-04
1.428440577805363043e+00 -7.253865830307293372e-03 -4.602307550325424046e-04
1.430404462052295989e+00 -7.035193915204129844e-03 -5.744260385840416205e-04
1.432367975143940209e+00 -8.540505953827493002e-03 1.326414493293848196e-03
1.434331712128717795e+00 -6.638852857800525697e-03 4.620508486330443532e-04
1.436294849463731982e+00 -8.327638577384721685e-03 9.167180371094652003e-04
1.438257890772284942e+00 -7.433380148750501348e-03 -1.847794117441070583e-04
1.440222501155093981e+00 -6.306021909327719221e-03 6.113383715553588615e-04
1.442186433665251011e+00 -6.783170354090262144e-03 4.598783551523766278e-04
1.444149348127387711e+00 -7.553348430943684910e-03 -1.068564833747176479e-04
1.446112770229684097e+00 -8.034067751882090214e-03 -6.379712822698335728e-04
1.448075792935283435e+00 -7.310435533629755511e-03 1.203097740051450870e-03
1.450038394158476240e+00 -8.666901757119482852e-03 5.543187506391600294e-04
1.452001514151604278e+00 -6.853510149004149454e-03 2.248799098441001121e-04
1.453965964758571205e+00 -8.511550961254776837e-03 8.176660538827817959e-04
1.455930274994449825e+00 -8.233279159213457987e-03 9.476046342242749887e-04
1.457893131141594578e+00 -7.015929941088683286e-03 -4.138285938719565848e-04
1.459856465346780263e+00 -8.378332084262529733e-03 9.976002359386448859e-04
1.461819869434906494e+00 -7.942331829467463855e-03 3.683638610307848893e-04
1.463783624308321540e+00 -8.191024102684241193e-03 5.477958596513676781e-04
1.465747311680394072e+00 -8.041248951209611917e-03 -1.425127964853611928e-04
1.467711084606115657e+00 -8.241104852880654086e-03 4.978768741072947535e-04
1.469674989036495516e+00 -8.604294365199494088e-03 1.034403108316483966e-03
1.471637636893849521e+00 -8.855284365570148530e-03 1.007245007240697987e-04
1.473600598909716064e+00 -8.190177233024620307e-03 2.876473458526263016e-04
1.475563966245086345e+00 -7.990926038790258090e-03 -1.399616797521652245e-04
1.477527854198269486e+00 -7.499365815327507789e-03 4.117336996878329103e-04
1.479491452189425793e+00 -9.111577972113482637e-03 4.352397023899001738e-04
1.481454350015416255e+00 -9.015051565838705372e-03 8.578610980374268280e-04
1.483418108241925548e+00 -8.032618438481131662e-03 6.769359077076764208e-04
1.485381564922393816e+00 -7.422157792202899174e-03 7.742567993600513176e-04
1.487343664037381830e+00 -8.569080428400988048e-03 3.995376677521367270e-04
1.489307915795039738e+00 -8.011331528093634802e-03 1.173894453012858108e-03
1.491272727466361081e+00 -8.794597915326218818e-03 9.224739267719161973e-04
1.493235707189976003e+00 -8.441423199189945770e-03 7.151086371774972861e-04
1.495199902984376550e+00 -9.074450076516860086e-03 9.073257031255721472e-04
1.497164174235947831e+00 -8.567365266909043875e-03 1.049774231651756651e-04
1.499127587985500165e+00 -7.864890549229230921e-03 2.868387811587602698e-04
1.501090893496610290e+00 -9.539272722247416070e-03 8.528950764021825393e-04
1.503054435519964205e+00 -8.569530421457693947e-03 9.428913460935994806e-04
1.505017148044596187e+00 -8.281979627207780581e-03 4.468014775789175275e-04
1.506979906087904553e+00 -8.640204019611186226e-03 -1.029785175473696412e-04
1.508943443667894790e+00 -8.923754785284843116e-03 1.052676980835443032e-03
1.510907097423596968e+00 -8.921021919511273879e-03 -7.026451196578964442e-05
1.512870293297243318e+00 -8.889586354993705974e-03 6.085357768426113978e-04
1.514833352082129103e+00 -9.109901988713642318e-03 9.577987942870347382e-04
1.516797884142006891e+00 -8.949324579004769298e-03 1.023194164113450100e-03
1.518762661122585955e+00 -8.452201223610233960e-03 3.271243185254402164e-04
1.520725741789976215e+00 -8.883412100571641545e-03 3.117351965784553869e-04
1.522688877926937634e+00 -9.488393536311923171e-03 7.551792476105934071e-04
1.524653117505565092e+00 -8.807614027511734278e-03 3.929716669139882157e-04
1.526615953907756618e+00 -8.205704614481335035e-03 7.161612098780523183e-04
1.528578769533951220e+00 -9.171913289375832612e-03 8.674861559607727202e-04
1.530542427686184093e+00 -9.031095794426513557e-03 5.686571294249986863e-04
1.532506344182414715e+00 -9.486257669768294321e-03 9.788499066187839048e-04
1.534469506403430383e+00 -9.492588427381321026e-03 6.909759699456063942e-04
1.536431994518936861e+00 -1.001138578139748603e-02 1.375693677522882297e-03
1.538396821052471442e+00 -9.308016671844665524e-03 4.324605849788110135e-04
1.540359968037739558e+00 -9.294287726851147013e-03 1.000074384535976080e-03
1.542322659801252493e+00 -8.957923460974792640e-03 4.309597014107158230e-04
1.544287296200624660e+00 -9.608225256767299882e-03 6.309582404928626431e-04
1.546250025612848633e+00 -1.016079910058209634e-02 4.989629180474075554e-04
1.548213930998887156e+00 -9.699112793059350146e-03 7.005724198094753774e-04
1.550177863931247790e+00 -1.023817852943942341e-02 8.213611786171970408e-04
1.552140346579747199e+00 -9.492231141272733375e-03 7.480210028523170962e-04
1.554103998393506769e+00 -1.020123709518849786e-02 4.513712152540705347e-04
1.556067645861856530e+00 -9.374875201119126089e-03 1.419651578415948023e-04
1.558031701673439295e+00 -9.785103216820800753e-03 5.385118238068198337e-04
1.559995560461095776e+00 -1.012323121333524867e-02 1.035888008107610503e-03
1.561958135857904439e+00 -1.017511277540972259e-02 7.611640581759449020e-04
1.563921637960012045e+00 -1.044469075468212882e-02 1.331252813252081779e-03
1.565885960509016739e+00 -1.094084746532697494e-02 1.003725232496588404e-03
1.567848039055986131e+00 -1.031208805436167886e-02 -1.283631571464827203e-04
1.569811351524522891e+00 -1.041658950011914442e-02 3.839959187266206442e-04
1.571776016604201187e+00 -1.064070696307151120e-02 1.013101148263917395e-04
1.573738679809443708e+00 -1.013677435465443200e-02 1.064554285366225983e-03
1.575702807937194860e+00 -9.936028761888815453e-03 1.360617205044434286e-03
1.577667002145651365e+00 -1.002623630310606195e-02 6.632662371253150724e-04
1.579630230889894182e+00 -9.481302141035929942e-03 1.580639334991973399e-03
1.581594562370811863e+00 -8.901110834871661659e-03 1.387185226687570605e-03
1.583557833971213968e+00 -1.059375072218138314e-02 8.930687353021493635e-04
1.585520382001870843e+00 -9.832695546550529464e-03 1.015130248670725877e-03
1.587482514958884483e+00 -1.053259218810143061e-02 1.644687187957849517e-03
1.589446769712257179e+00 -1.044451445000837975e-02 1.333989393373924415e-03
1.591411399923880587e+00 -1.148469057545931094e-02 1.318390873980446187e-03
1.593374582536972728e+00 -1.056110151435585287e-02 1.049941041157964605e-03
1.595337857089002886e+00 -1.030653755002219896e-02 7.248385984801597459e-04
1.597300498057181217e+00 -1.060771133196791727e-02 6.303575823873863726e-04
1.599264501245045711e+00 -1.025354787693777414e-02 8.011507295673236939e-04
1.601228620672522363e+00 -1.034786189126635225e-02 8.653806784517659167e-04
1.603192001083872276e+00 -1.085790887445514663e-02 1.092498011985743034e-03
1.605154903531637922e+00 -1.020602234586065471e-02 4.606050320066223946e-04
1.607118799004397136e+00 -1.063068737855921153e-02 1.092179939847781611e-03
1.609082750898606307e+00 -1.078500303468687971e-02 1.125840642812958592e-03
1.611045231039986758e+00 -1.077070717746198003e-02 9.526651876925473772e-04
1.613008878990565220e+00 -1.090349661060685538e-02 1.664604543661019065e-03
1.614973250087328838e+00 -1.029366069558401708e-02 1.694076125773325003e-03
1.616937088163363123e+00 -9.969290315790191315e-03 1.647440339124672803e-03
1.618900774984872060e+00 -1.075292145073969419e-02 9.226847578298613684e-04
1.620864392728306180e+00 -1.072855514846948743e-02 1.063275626520532313e-03
1.622827554184331333e+00 -1.043769492370982821e-02 1.353020207581545620e-03
1.624790094156112863e+00 -1.029351352526519658e-02 5.049654858799712542e-04
1.626753202437056567e+00 -1.078975587415720305e-02 1.958760818860039166e-03
1.628716916207147092e+00 -1.185465910171545900e-02 8.815213709241209727e-04
1.630680770569651550e+00 -1.101881709896535000e-02 1.216563021174899006e-03
1.632643865297400021e+00 -1.066616172470791213e-02 1.929762401789325565e-03
1.634606490801981060e+00 -1.017606038994867124e-02 8.850320300726188805e-04
1.636570760249698608e+00 -9.444225420787599745e-03 5.671267420197523279e-04
1.638535817499742864e+00 -1.035053918108197468e-02 1.220245624501847814e-03
1.640498487852661391e+00 -1.027519662962794733e-02 1.443492222043873952e-03
1.642461092712621307e+00 -1.110244332914145371e-02 9.431596957076848753e-04
1.644424562464092743e+00 -1.134369898508669205e-02 8.682104502641951882e-04
1.646387309395493048e+00 -1.207631901850581002e-02 2.029498935394169479e-04
1.648350588981912113e+00 -1.063538480067505176e-02 7.979474576234046879e-04
1.650314738397198777e+00 -1.114053995865527114e-02 2.680494179556625056e-04
1.652279225548006991e+00 -1.154455607584803367e-02 7.823171202483436559e-04
1.654242877338552908e+00 -1.181741555236837105e-02 9.919343539821490197e-04
1.656206571638303426e+00 -1.102193941502604968e-02 1.515555450206651500e-03
1.658170202740361532e+00 -1.190465819679087378e-02 1.468565243039732238e-03
1.660133580017253419e+00 -1.006892070388842875e-02 1.763458591294897460e-03
1.662096967047515639e+00 -1.143791663380555601e-02 1.329898329611722829e-03
1.664060359948384527e+00 -1.051242546970210245e-02 2.418884097156626112e-03
1.666024369171438257e+00 -1.140979002913611318e-02 1.321291986463357659e-03
1.667987961020910737e+00 -1.036211830456379435e-02 1.082518062802018122e-03
1.669951154218094702e+00 -1.199444051717968307e-02 6.693677144062881723e-04
1.671914573169572371e+00 -1.168382043013005411e-02 1.042449058186178945e-03
1.673878313870687418e+00 -1.110840326878148598e-02 2.000538251474059948e-03
1.675842603098432138e+00 -1.152263663975838792e-02 7.142287713819417405e-04
1.677805808308091784e+00 -1.197573552991237911e-02 7.479033384834021803e-04
1.679768695321733452e+00 -1.200967175063105685e-02 1.328334542838316423e-03
1.681731900953891801e+00 -1.124178044223200779e-02 1.253634239934742212e-03
1.683695234182587486e+00 -1.092164937015849269e-02 1.238288901274531284e-03
1.685658921495365670e+00 -1.204263658480331234e-02 2.045086033710896700e-03
1.687621989689320312e+00 -1.127074253325022202e-02 9.964419939756385958e-04
1.689585651663277455e+00 -1.199167684884905327e-02 1.701073779138528863e-03
1.691548719769319531e+00 -1.060342245976853004e-02 1.433754774787576736e-03
1.693511886363446406e+00 -1.162902717998426372e-02 1.406156320258089565e-03
1.695475984599827957e+00 -1.161561462927984678e-02 1.004738974178520650e-03
1.697439183686053177e+00 -1.048495791940995403e-02 1.744520924382930716e-03
1.699403323758618578e+00 -1.110836189357156112e-02 1.507842957888305691e-03
1.701367030140295222e+00 -1.205835999506466027e-02 1.447088635524451661e-03
1.703330074260174687e+00 -1.091754985157855629e-02 7.446643385002893467e-04
1.705293980577182289e+00 -1.122225194255022096e-02 1.128172952624240111e-03
1.707257234348566355e+00 -1.166751258347842324e-02 1.846991328641633956e-03
1.709220544705104539e+00 -1.072432842922332874e-02 1.807119126682188437e-03
1.711184660731134732e+00 -1.179164772804264238e-02 1.687592690917893989e-03
1.713148966818150543e+00 -1.228582019014934357e-02 8.351599194802439285e-04
1.715113097427731548e+00 -1.215222744244670583e-02 1.000842218515929360e-03
1.717075823057807149e+00 -1.169353290683017299e-02 1.158630564706220056e-03
1.719038273794166072e+00 -1.240161485862512070e-02 1.113271964473305786e-03
1.721001337345487991e+00 -1.219748171280732318e-02 1.402577901887802625e-03
1.722964659500308526e+00 -1.251288675585804366e-02 1.485772876252733354e-03
1.724928934449513784e+00 -1.148459008587698893e-02 1.797310751712632992e-03
1.726892194040696937e+00 -1.213766736664922963e-02 9.331742651708108127e-04
1.728854060139723758e+00 -1.179209580028983684e-02 1.750679502960483802e-03
1.730817376835692700e+00 -1.131962047816337247e-02 1.070404196921614925e-03
1.732782335715897348e+00 -1.170637079007330605e-02 1.005807165699978967e-03
1.734745898348211579e+00 -1.239941369645070068e-02 1.720514395270988928e-03
1.736709767487070621e+00 -1.142835287452592663e-02 2.358138144086696641e-03
1.738673828670840082e+00 -1.156982950361440388e-02 1.691108278353947725e-03
1.740636591983075077e+00 -1.170401141849830573e-02 6.951498563363411876e-04
1.742599622492400080e+00 -1.267356171559075317e-02 1.938423299940872369e-03
1.744563144831495993e+00 -1.121362883949006406e-02 2.200764594542103936e-03
1.746527754003828870e+00 -1.271406093871585430e-02 1.320488060667202035e-03
1.748492178295138144e+00 -1.161425109433478209e-02 1.038793967420348352e-03
1.750455738508315928e+00 -1.205038989913587155e-02 1.421072353353647344e-03
1.752418597456280480e+00 -1.183377685922415434e-02 1.709429209136859029e-03
1.754381482075933807e+00 -1.198559753834127495e-02 5.105881773677101165e-04
1.756344332241217776e+00 -1.180023964807463965e-02 7.858205779813776104e-04
1.758307906358307138e+00 -1.178282074798120416e-02 7.598762660694369231e-04
1.760272108716735673e+00 -1.166971588433707296e-02 1.132436280078863433e-03
1.762234388735718138e+00 -1.200355728479218786e-02 1.727052496435899087e-03
1.764197600544115119e+00 -1.278009394763945927e-02 7.378850620216592660e-04
1.766161785379918303e+00 -1.254810633411240772e-02 1.052740182392764012e-03
1.768125570589294648e+00 -1.220187177630172037e-02 1.200314235927812945e-03
1.770089565053622138e+00 -1.116286316017145452e-02 1.416330876027993568e-03
1.772051962075949172e+00 -1.272401870200434715e-02 2.616014763396012910e-03
1.774016121628136711e+00 -1.181421359636491974e-02 1.062576477447896295e-03
1.775980342890030927e+00 -1.199844991548260076e-02 1.385487264082385650e-03
1.777943074046065108e+00 -1.198779738636090997e-02 1.206818414601462663e-03
1.779906896780360626e+00 -1.285344339063321240e-02 1.828037419116634865e-03
1.781870622340021137e+00 -1.184019453930584831e-02 8.855548534592028176e-04
1.783834546980931801e+00 -1.197487699750754420e-02 1.689126438837451616e-03
1.785797686344336110e+00 -1.222808499629524093e-02 1.656877040959292557e-03
1.787759980380362768e+00 -1.254471293159986622e-02 1.565009845979181691e-03
1.789723635644361321e+00 -1.265815591775754090e-02 1.105544560586979586e-03
1.791687215836070601e+00 -1.257157891507987291e-02 1.346952933557687970e-03
1.793651242967305715e+00 -1.262164712991820092e-02 1.588575583737705799e-03
1.795614876780994296e+00 -1.252519791932782400e-02 1.825767975207170934e-03
1.797578324772708847e+00 -1.178380941726964171e-02 7.207930281554197904e-04
1.799542136532740200e+00 -1.265367063232503142e-02 1.642100923947786839e-03
1.801504680072511189e+00 -1.248686007783816887e-02 1.279062578142919904e-03
1.803467909904564515e+00 -1.221749671098504297e-02 1.215153889102538187e-03
1.805431372596884465e+00 -1.184381287635694058e-02 5.889043500826307564e-04
1.807395539677972396e+00 -1.239536166601318268e-02 6.479929034024500822e-04
1.809358743649488677e+00 -1.276796107497235599e-02 9.002480191522277408e-04
1.811322172711505418e+00 -1.299492610940888859e-02 8.273536324754360294e-05
1.813286370155642757e+00 -1.279284256666579633e-02 1.198721122317003562e-03
1.815249422610569097e+00 -1.246500349570911492e-02 1.139576423502486335e-03
1.817213107142803707e+00 -1.199348297332691882e-02 8.258034867427710424e-04
1.819176784804372060e+00 -1.269251865037723803e-02 1.918490981062337397e-03
1.821139414904314968e+00 -1.305526916503563228e-02 1.710386759419701974e-03
1.823102523804749797e+00 -1.316058706574496640e-02 1.394834323119598096e-03
1.825067419757647524e+00 -1.227631998897582566e-02 3.212767457021481476e-04
1.827031924926296291e+00 -1.205080116277956748e-02 1.604017711027028170e-03
1.828994436797192646e+00 -1.210204940691594899e-02 1.390828479101768878e-03
1.830957189760621384e+00 -1.270994359720800659e-02 2.902489341696234959e-04
1.832921566477622166e+00 -1.265044738191178908e-02 8.654724992751550161e-04
1.834885081010912300e+00 -1.283592066522931674e-02 5.165533048527848337e-04
1.836848142189919431e+00 -1.241374572918618746e-02 7.410852858098504470e-04
1.838811447877446215e+00 -1.285659716138709552e-02 1.685945365456076317e-03
1.840774695446156350e+00 -1.324685905953293386e-02 1.148086181033791675e-03
1.842738419710850284e+00 -1.231647847411532215e-02 1.293201837129442922e-03
1.844701695477920955e+00 -1.242936103239333789e-02 1.158645141416281277e-03
1.846665142021456818e+00 -1.255565720982487754e-02 1.056796979223673105e-03
1.848629190039658310e+00 -1.227807715387141396e-02 9.801242582072600129e-04
1.850592177495218760e+00 -1.243681192324064266e-02 6.789859588167690418e-04
1.852555467521698196e+00 -1.297433000630709987e-02 1.180765903531888483e-03
1.854520168481003983e+00 -1.244802237047626381e-02 1.433193711210645205e-03
1.856484685664073542e+00 -1.205988375826194670e-02 1.830877482072112983e-03
1.858447997390891837e+00 -1.234759049213418614e-02 4.833501989416344458e-04
1.860410329046606082e+00 -1.190311290336920624e-02 1.245398768901395670e-03
1.862373099525038933e+00 -1.314543278080870792e-02 1.526708480290572822e-03
1.864336319929331909e+00 -1.246455169111204686e-02 1.199280001585201205e-03
1.866300247763499121e+00 -1.329659898252955053e-02 3.670836535323296346e-04
1.868264263513022216e+00 -1.251663940555358678e-02 8.971013093228563662e-04
1.870227287449222731e+00 -1.284166373607065204e-02 1.585925482637584594e-03
1.872191436144236221e+00 -1.239860621355548531e-02 1.334289091882823186e-03
1.874155338646833480e+00 -1.243623586319830832e-02 1.149575466311558714e-03
1.876117917321479922e+00 -1.234469990324915667e-02 8.787419727780410028e-04
1.878081199459807893e+00 -1.241672676907423778e-02 8.647305571229946253e-04
1.880044824209363918e+00 -1.243905803181744041e-02 1.034912021096179302e-03
1.882008187921716091e+00 -1.379189526016477707e-02 1.016446111912872041e-03
1.883970843542417839e+00 -1.261350227644730815e-02 6.874373617014040150e-04
1.885933732677965713e+00 -1.246336529058267306e-02 1.459152865041613012e-03
1.887898044265510444e+00 -1.281598390723404091e-02 5.807008520031242682e-04
1.889862001367780042e+00 -1.283556006709984931e-02 1.398380023117651305e-03
1.891825414804241046e+00 -1.311901372311241598e-02 6.580957300486023343e-04
1.893789138020084861e+00 -1.227435339325333441e-02 1.016475166729646773e-03
1.895753200903964819e+00 -1.307662167039680412e-02 7.825065333249003885e-04
1.897716993226556514e+00 -1.323935757609118191e-02 2.076166039262083984e-04
1.899679512909816514e+00 -1.214724615693418830e-02 3.125648311685935710e-05
1.901642931958998028e+00 -1.300158936257522768e-02 1.151285570574867023e-03
1.903606592401054787e+00 -1.310586128643087545e-02 1.217472446880307757e-03
1.905570545113544512e+00 -1.283885106430371348e-02 1.469001102263778336e-03
1.907534791829301302e+00 -1.293543846923139728e-02 9.971691856798248210e-04
1.909498752130209143e+00 -1.284077740219469188e-02 1.423052284489800812e-03
1.911462045919029462e+00 -1.269904029718693650e-02 1.112002416109980629e-03
1.913424770251626494e+00 -1.252856286446779599e-02 6.021361309020978325e-04
1.915387849793226405e+00 -1.272625762307677544e-02 7.491332595384037063e-04
1.917351462209868851e+00 -1.299616211878729111e-02 1.856098157150487538e-03
1.919314868490085146e+00 -1.272518477437678541e-02 1.561195236639001394e-04
1.921277932532141852e+00 -1.256047943973681580e-02 1.676447021446758612e-03
1.923242343136562615e+00 -1.262013530741123990e-02 9.241078651578416014e-04
1.925206413437183794e+00 -1.253242188198222529e-02 9.932368888307951948e-04
1.927168910848842120e+00 -1.276887376751734138e-02 1.197061138667132596e-03
1.929131911645446396e+00 -1.216969012776036863e-02 -4.872526881760652628e-05
1.931095963643197244e+00 -1.264386168916065145e-02 6.020873839551743600e-04
1.933059181929562831e+00 -1.312253435096477627e-02 5.919711173696384776e-04
1.935022636307180965e+00 -1.186430523422665750e-02 4.825615462702437242e-04
1.936986424637387794e+00 -1.228742060456278207e-02 4.557404968590361705e-04
1.938950298129676897e+00 -1.220655411851279126e-02 1.070682367040109995e-03
1.940913883641065540e+00 -1.278242907088245062e-02 1.274145070732091156e-03
1.942877122591628591e+00 -1.264119496244175966e-02 1.046289557527391167e-03
1.944839216545868332e+00 -1.299178375528986518e-02 8.981407328545465418e-04
1.946802230397973288e+00 -1.293253191211085618e-02 1.206189485003950068e-03
1.948767032285668721e+00 -1.263183918870647293e-02 7.486319332516977454e-04
1.950731274990188391e+00 -1.251328675138485558e-02 3.399878326204586187e-04
1.952694707063446167e+00 -1.211940038366809969e-02 1.057472526275082814e-03
1.954658158929530654e+00 -1.321107292306145098e-02 9.358555953402625249e-04
1.956622043106395870e+00 -1.255345341141433924e-02 5.163551939826316328e-04
1.958584582719363087e+00 -1.263161709468485494e-02 1.017741811664585327e-03
1.960547649848217056e+00 -1.270917655466274887e-02 7.062327947791047222e-04
1.962512002699999369e+00 -1.289696835236442407e-02 8.104074743164879635e-05
1.964475709547996773e+00 -1.278067960806650305e-02 7.452433901411481543e-04
1.966439339540660525e+00 -1.258137533732384128e-02 4.073071010870510378e-04
1.968403284133787290e+00 -1.221106117802261970e-02 -2.281425990338092902e-04
1.970366040247109041e+00 -1.297664014214061634e-02 4.849338452133089561e-04
1.972329532768144711e+00 -1.205325198615248006e-02 7.585693781355651311e-04
1.974293535534957122e+00 -1.201245305761977633e-02 1.358430309035929540e-03
1.976256221167848492e+00 -1.262527914346778246e-02 9.135094784062935958e-05
1.978218805060615315e+00 -1.210725094414610847e-02 1.349998349420289401e-04
1.980182173347445840e+00 -1.262454910915078443e-02 7.705938903319609068e-04
1.982145825151880647e+00 -1.256733257637421275e-02 7.323706012989372738e-04
1.984109239436702810e+00 -1.297219411908068221e-02 1.051970208826080722e-03
1.986073731308810375e+00 -1.284090807939308743e-02 5.321545961178841821e-05
1.988037942772183708e+00 -1.251470610249505455e-02 5.843330946389002634e-04
1.990001135310734748e+00 -1.249512516902440140e-02 -2.310482205503117115e-05
1.991964253669557650e+00 -1.213890747124835023e-02 6.990717582682215436e-04
1.993927917528284466e+00 -1.269872454325493560e-02 2.328437445902054037e-04
1.995891427238010385e+00 -1.143855691894979376e-02 4.629079757845211418e-04
1.997854236828018326e+00 -1.179928655696393935e-02 8.806281430813189814e-04
1.999818398979963829e+00 -1.227017124028317863e-02 2.551057001438650218e-04
2.001782602848742876e+00 -1.214611008347532550e-02 1.716289733220133229e-04
2.003745408493544211e+00 -1.289058879268201174e-02 3.229706356560058111e-04
2.005708229775934104e+00 -1.187426080928377647e-02 2.864219064782069779e-04
2.007671850674693559e+00 -1.260221875334488484e-02 2.267939574338573294e-04
2.009635845426280376e+00 -1.284991805222535088e-02 -6.279131387010306042e-05
